Type Heuristic:RWR, Dataset: citeseer
100	0	0.1957432874726384
100	1	0.17573932370752238
100	2	0.137973868486493
100	3	0.110010406491474
100	4	0.08601971510732993
100	5	0.06684578047504704
100	6	0.05113708321632708
100	7	0.03841349032002332
100	8	0.028048118705987436
100	9	0.01960930371493413
100	10	0.012719704652344416
100	11	0.007084294944216681
100	12	0.0024622641871800445
100	13	-0.0013392772639179225
100	14	-0.004475856400448581
100	15	-0.0070726724122861205
100	16	-0.009230592733918326
100	17	-0.011030978041491453
100	18	-0.012539487542716663
100	19	-0.013809189145369858
100	20	-0.005659636849907984
100	0	0.19381164612045718
100	1	0.1728964743140605
100	2	0.13468512356162612
100	3	0.10739704343539175
100	4	0.08387944770207546
100	5	0.06533775171271249
100	6	0.05025494788163426
100	7	0.038196703183131356
100	8	0.02849050094315921
100	9	0.020710229844535022
100	10	0.014460827622607806
100	11	0.009446592292700168
100	12	0.005420065659691476
100	13	0.002187634501736286
100	14	-0.00040810344665943995
100	15	-0.002492105644680559
100	16	-0.004164996330938151
100	17	-0.0055070805007427495
100	18	-0.0065827740186389
100	19	-0.007443529776572491
100	20	0.001092917813903116
100	0	0.18962039343893683
100	1	0.16749114724223366
100	2	0.12902840528516413
100	3	0.10191599168495016
100	4	0.07870558709523448
100	5	0.060548733016738715
100	6	0.04586799373277162
100	7	0.03418823666912568
100	8	0.02482598730152283
100	9	0.0173423699857386
100	10	0.011344746292190996
100	11	0.006537438321490825
100	12	0.0026782662472365046
100	13	-0.0004225406749266017
100	14	-0.002917329314397891
100	15	-0.004926932765603557
100	16	-0.006547953349507052
100	17	-0.007857377506791262
100	18	-0.00891674775066124
100	19	-0.009775234926905015
100	20	-0.0012488123716447158
100	0	0.19401369313765765
100	1	0.1675269584089921
100	2	0.12841701677212367
100	3	0.100716573190249
100	4	0.07727044691249875
100	5	0.05890819113530195
100	6	0.04416645398385265
100	7	0.03245681390110836
100	8	0.02310897651399665
100	9	0.015651398576616293
100	10	0.009690267633395777
100	11	0.004921031783906357
100	12	0.0011002940692258487
100	13	-0.001963999590783805
100	14	-0.0044245647220304855
100	15	-0.006402681506219092
100	16	-0.007994911556426934
100	17	-0.009278185620109241
100	18	-0.01031387240015048
100	19	-0.011150973194247238
100	20	-0.0026052693398943305
100	0	0.18959220629338247
100	1	0.16359859826180542
100	2	0.12466190948990509
100	3	0.09748695034251262
100	4	0.07443951170023862
100	5	0.056470438833280345
100	6	0.04199504590396404
100	7	0.030498388933231486
100	8	0.021297827504731758
100	9	0.013951848204672473
100	10	0.008071033948794744
100	11	0.003362822116054345
100	12	-0.00041189890493613406
100	13	-0.003440092418212095
100	14	-0.005871894566029687
100	15	-0.007826268943020173
100	16	-0.00939838428572167
100	17	-0.010664063444040769
100	18	-0.011683950861438612
100	19	-0.012506502117959525
100	20	-0.0039471326206774
100	0	0.18798029462685606
100	1	0.16209349919147453
100	2	0.12224963561588321
100	3	0.09491946212421103
100	4	0.07185339589088309
100	5	0.05396667579759134
100	6	0.03964687219971954
100	7	0.02832360160160147
100	8	0.019311233634809636
100	9	0.012149530348458467
100	10	0.006447399349965941
100	11	0.0019070593050472544
100	12	-0.0017108959981041111
100	13	-0.004594340762323788
100	14	-0.006892916795384282
100	15	-0.008725178573098884
100	16	-0.010185510332427532
100	17	-0.011348985240216321
100	18	-0.012275436666768846
100	19	-0.013012557136932532
100	20	-0.004375025749933545
100	0	0.19438644969355762
100	1	0.16599446213769367
100	2	0.12695456361761
100	3	0.09902515170157483
100	4	0.07551458315786931
100	5	0.05714840727013458
100	6	0.04241156773464407
100	7	0.030727900851223493
100	8	0.021406704208583625
100	9	0.013983979386400988
100	10	0.008059482821830248
100	11	0.0033304380164390877
100	12	-0.00044890718509831056
100	13	-0.003470627134560312
100	14	-0.0058884534356296505
100	15	-0.007823975402535563
100	16	-0.009374229429191774
100	17	-0.010616378940615408
100	18	-0.011612014059626818
100	19	-0.012410251461479466
100	20	-0.0038269626600025653
100	0	0.19334238665091652
100	1	0.16604343833280588
100	2	0.1265474608803249
100	3	0.0988262564831198
100	4	0.07560138367570611
100	5	0.05744307398302461
100	6	0.04289499743039634
100	7	0.031323298319490996
100	8	0.022081830977273845
100	9	0.014696948268733747
100	10	0.008788019638343992
100	11	0.004053786795512854
100	12	0.00025683942099271554
100	13	-0.0027923005173336483
100	14	-0.005243624617579559
100	15	-0.007216906517992718
100	16	-0.00880740655003071
100	17	-0.010091232551141291
100	18	-0.011129101897401673
100	19	-0.011969566887030228
100	20	-0.0034280705354247975
100	0	0.1880852818577516
100	1	0.15987830821417673
100	2	0.12028446180150522
100	3	0.0931412613985089
100	4	0.07036556752878839
100	5	0.05269359288977913
100	6	0.038587250015165754
100	7	0.02742292440492017
100	8	0.018547871449991146
100	9	0.011491636401687322
100	10	0.00587614582552348
100	11	0.001403956078702049
100	12	-0.0021587977886774836
100	13	-0.004998168370653813
100	14	-0.007261115548149654
100	15	-0.009064718206453165
100	16	-0.010501908026915913
100	17	-0.011646772578537853
100	18	-0.01255829166788288
100	19	-0.013283524506817978
100	20	-0.0046366252109274015
100	0	0.19432410227846822
100	1	0.16270161157942856
100	2	0.12335774751609307
100	3	0.0954676979719129
100	4	0.07241439136700767
100	5	0.05432899048918618
100	6	0.039882681273861124
100	7	0.028380424008427402
100	8	0.019200987815606814
100	9	0.011862388705025642
100	10	0.005990742737861307
100	11	0.0012847110578701343
100	12	-0.0024904614319167253
100	13	-0.005523305342430199
100	14	-0.00796248296427627
100	15	-0.009926977803771046
100	16	-0.011511307542640289
100	17	-0.01279105296336626
100	18	-0.013826495167555273
100	19	-0.014665855091854408
100	20	-0.00612431274167259
Type Heuristic:RWR, Dataset: citeseer
100	0	0.1951337957213425
100	1	0.17466676564681652
100	2	0.13644253348753996
100	3	0.10960823644462996
100	4	0.08625267086608435
100	5	0.06791429723438508
100	6	0.05283741329115437
100	7	0.04071092906484948
100	8	0.03082671738363434
100	9	0.02280208635546187
100	10	0.016249041358634534
100	11	0.010891327544139136
100	12	0.006491905712758444
100	13	0.0028677253826062824
100	14	-0.00013119072245674444
100	15	-0.002623715169348401
100	16	-0.004705962636223834
100	17	-0.00645485126214302
100	18	-0.00793238934847393
100	19	-0.00918842557343528
100	20	-0.0010398006021344593
100	0	0.20709869626493246
100	1	0.17211853040909267
100	2	0.1345463055257983
100	3	0.10666297165838641
100	4	0.08356988046205888
100	5	0.06521532498451789
100	6	0.05041655219620665
100	7	0.03855367665918113
100	8	0.02903053149836001
100	9	0.021391077339267307
100	10	0.015263450875011924
100	11	0.010348694078275333
100	12	0.006407595078276858
100	13	0.003247524363981488
100	14	0.0007144170668208929
100	15	-0.0013155103900749539
100	16	-0.0029413795840800075
100	17	-0.004242742912833415
100	18	-0.005283367197907033
100	19	-0.006114424325011868
100	20	0.002446404371476963
100	0	0.2103479272994914
100	1	0.17296858696362472
100	2	0.13586254557315214
100	3	0.10778031515788918
100	4	0.08491039136069112
100	5	0.06670330582153658
100	6	0.05213004767366647
100	7	0.040473786584455745
100	8	0.03115650999864036
100	9	0.0237013498038411
100	10	0.017738702689274622
100	11	0.012966134406835956
100	12	0.009146229728322018
100	13	0.006087331928353696
100	14	0.0036375479937342334
100	15	0.0016750290127383043
100	16	0.00010273260422144082
100	17	-0.0011570207747496199
100	18	-0.0021662564340838458
100	19	-0.002974605101239953
100	20	0.005601623939850418
100	0	0.21311521451472903
100	1	0.17426498375230576
100	2	0.13700422158900333
100	3	0.10839038910657947
100	4	0.08427094259706112
100	5	0.06588547735560299
100	6	0.05128333719134248
100	7	0.03962097699580972
100	8	0.030307364847323357
100	9	0.022852427995875366
100	10	0.016885050779504685
100	11	0.012101834569011314
100	12	0.00826598082228998
100	13	0.0051867096581885526
100	14	0.00271305906481977
100	15	0.0007240687497657746
100	16	-0.0008765643568653344
100	17	-0.002165903087194506
100	18	-0.0032054882777147794
100	19	-0.004044577484652002
100	20	0.0045007934009514685
100	0	0.21062877751618875
100	1	0.16988481067468006
100	2	0.13251245240641427
100	3	0.10414574523284763
100	4	0.0813756232901325
100	5	0.06326061320831769
100	6	0.04881746463690856
100	7	0.037269673473383426
100	8	0.02804378731603132
100	9	0.02065608227329213
100	10	0.014740249916154637
100	11	0.009995892811427152
100	12	0.0061889288534148525
100	13	0.0031305305287539437
100	14	0.0006714000894668838
100	15	-0.003297829989199296
100	16	-0.004902675245562198
100	17	-0.006189500447239513
100	18	-0.007228923245624936
100	19	-0.00806969265442877
100	20	0.0004725787163126046
100	0	0.20699236585264758
100	1	0.16640930858074982
100	2	0.12922508783757686
100	3	0.10091712349203448
100	4	0.07829510034913152
100	5	0.0602698123363198
100	6	0.04593725486651854
100	7	0.034475246497050395
100	8	0.02533482985914163
100	9	0.01802062098150083
100	10	0.012173280824263052
100	11	0.0074900993761260115
100	12	0.0037392327199821667
100	13	0.0007317812503104537
100	14	-0.0016805670071147543
100	15	-0.003617135612929717
100	16	-0.00517261470402268
100	17	-0.006422881534864115
100	18	-0.007428442464796154
100	19	-0.008237737140719271
100	20	0.000333878250047814
100	0	0.20452200726422878
100	1	0.16296800192361344
100	2	0.12750380001581335
100	3	0.09920473282809224
100	4	0.07655338217100938
100	5	0.058556747767279024
100	6	0.04424037329085766
100	7	0.03281236446629656
100	8	0.02370256944092843
100	9	0.016423801492894376
100	10	0.010610822333129362
100	11	0.005962814312655582
100	12	0.002246271231368579
100	13	-0.0007273719027162911
100	14	-0.0031069310018477943
100	15	-0.0050117050299624405
100	16	-0.006536541486898517
100	17	-0.007757317791825903
100	18	-0.008734569513134961
100	19	-0.009516719014872662
100	20	-0.0009190979525020966
100	0	0.2058580630506051
100	1	0.16374624056598264
100	2	0.12652460927882364
100	3	0.09818033960227458
100	4	0.07573669853625044
100	5	0.0577982644243461
100	6	0.043579716903286984
100	7	0.032193023228482054
100	8	0.023122581894013384
100	9	0.015860726301816494
100	10	0.010058337694119276
100	11	0.005411332774837822
100	12	0.0016914457634467461
100	13	-0.0012897608080993895
100	14	-0.0036791571804057842
100	15	-0.005595530288962462
100	16	-0.007132910325078017
100	17	-0.008366808767885512
100	18	-0.009357392147529262
100	19	-0.010152878851650405
100	20	-0.001568433649717858
100	0	0.20108901671066887
100	1	0.15833385275729883
100	2	0.12233837372631588
100	3	0.09454805694762847
100	4	0.07271303669935753
100	5	0.055226697265333594
100	6	0.04139393780727932
100	7	0.030322458427838213
100	8	0.021513751958405262
100	9	0.014470641932001576
100	10	0.008851388940101729
100	11	0.0043592431737737225
100	12	0.0007706511685460542
100	13	-0.0020983650450571317
100	14	-0.004391515368463611
100	15	-0.006224815097421169
100	16	-0.007690175020914752
100	17	-0.008861314328382617
100	18	-0.009796968253350805
100	19	-0.010544156496966578
100	20	-0.001917063144008545
100	0	0.20220839435995547
100	1	0.15853260495675012
100	2	0.12213429894854771
100	3	0.09400745714433202
100	4	0.07190968912942412
100	5	0.05421070712532029
100	6	0.04021581897108569
100	7	0.029014405978351122
100	8	0.020105016442055465
100	9	0.01298096142254457
100	10	0.007297443081841383
100	11	0.002753148187037133
100	12	-0.0008776852239525162
100	13	-0.0037813428882384954
100	14	-0.00610295616289032
100	15	-0.00795980796259404
100	16	-0.009444703245716203
100	17	-0.010632106596411308
100	18	-0.011581322759014837
100	19	-0.012339836330775998
100	20	-0.00372220026382801
Type Heuristic:RWR, Dataset: cora
100	0	0.1759561722779675
100	1	0.18743862234071737
100	2	0.14721290902614
100	3	0.12025766561049367
100	4	0.09532676644162273
100	5	0.07582577642745754
100	6	0.05960874181705373
100	7	0.04654239175215022
100	8	0.035856696620354345
100	9	0.027160916520800233
100	10	0.020044229777843887
100	11	0.01421049464271456
100	12	0.00940779017103016
100	13	0.0054389084516860125
100	14	0.0021435746793104105
100	15	-0.0006061862556719746
100	16	-0.002913421144303722
100	17	-0.00486087236673958
100	18	-0.006515130236438698
100	19	-0.007929813624975211
100	20	7.52185775881835e-05
100	0	0.1814347366644321
100	1	0.18325542640132586
100	2	0.1441848154411502
100	3	0.11696149971092837
100	4	0.0924590016099569
100	5	0.07309795981000508
100	6	0.057129639726337465
100	7	0.04423754132483565
100	8	0.033737623374735
100	9	0.025201847487252394
100	10	0.018239227802079892
100	11	0.012546316204956007
100	12	0.00787627457976496
100	13	0.004030870550910087
100	14	0.0008514887638202275
100	15	-0.001789604407760489
100	16	-0.003994656524874691
100	17	-0.005845968831730893
100	18	-0.007409596612787768
100	19	-0.008738738949492173
100	20	-0.000652838245059974
100	0	0.18323752214123112
100	1	0.18200708619532333
100	2	0.14296254215842646
100	3	0.1157980260600903
100	4	0.09134614157669592
100	5	0.07200379952955886
100	6	0.056024073427895324
100	7	0.04310006014527803
100	8	0.032558310934549375
100	9	0.02397633540647329
100	10	0.016968955655979966
100	11	0.011234968339067125
100	12	0.006529606419969212
100	13	0.0026551658677249493
100	14	-0.0005466447726677925
100	15	-0.00320379451846204
100	16	-0.005418866406981163
100	17	-0.0072746664664192565
100	18	-0.008837773016921305
100	19	-0.01016192764645921
100	20	-0.0020670936270370853
100	0	0.1789804265874924
100	1	0.18229531263562349
100	2	0.1424241928540797
100	3	0.11518868423727624
100	4	0.09039518312943473
100	5	0.07081340980029177
100	6	0.054580138661427885
100	7	0.04142867193728069
100	8	0.030668840221686273
100	9	0.021881040407758515
100	10	0.014676636326771023
100	11	0.008753724217826697
100	12	0.0038665133072730176
100	13	-0.00018322040282280812
100	14	-0.003554119965807924
100	15	-0.006374389560795839
100	16	-0.008746767007090048
100	17	-0.010754187172389264
100	18	-0.01246334811835234
100	19	-0.013928118026480907
100	20	-0.005968595156724371
100	0	0.18324940630986358
100	1	0.1758296081984418
100	2	0.13744320354482606
100	3	0.110597658709541
100	4	0.08676850358191016
100	5	0.06796984022628028
100	6	0.05247643803951008
100	7	0.039962858045884925
100	8	0.029752420767785673
100	9	0.02143456417620717
100	10	0.014628343131176317
100	11	0.009042973008928071
100	12	0.0044399283538782966
100	13	0.000628921745095056
100	14	-0.002542760308141017
100	15	-0.005197483160917028
100	16	-0.007430773334804775
100	17	-0.007355225249019
100	18	-0.008966333557218098
100	19	-0.01036443834868629
100	20	-0.0023572199935999643
100	0	0.18349850160135656
100	1	0.1744417797288229
100	2	0.13602840894906554
100	3	0.10915332932076469
100	4	0.08543629974762587
100	5	0.06676828667965491
100	6	0.05141913406840721
100	7	0.03905335100620947
100	8	0.028988155511485324
100	9	0.020815323666102923
100	10	0.014152871653186362
100	11	0.008712052821970474
100	12	0.004254627352356148
100	13	0.0005912050595828
100	14	-0.0024308122559887372
100	15	-0.004933955897673922
100	16	-0.00701666524662087
100	17	-0.008758161206939558
100	18	-0.010222164623708715
100	19	-0.011460026699978462
100	20	-0.0032897610246117193
100	0	0.18126765516734483
100	1	0.1715524021767498
100	2	0.13332596624457307
100	3	0.10693851686666993
100	4	0.08355112718678488
100	5	0.0652124097561478
100	6	0.050115523273072886
100	7	0.03796381860401868
100	8	0.02806334396517456
100	9	0.020019006423707
100	10	0.01344982353420124
100	11	0.008073606839394705
100	12	0.0036552768447342017
100	13	9.705905306815911e-06
100	14	-0.0030126216904111775
100	15	-0.005531157038541661
100	16	-0.00764182291995154
100	17	-0.009421563106306785
100	18	-0.010932179745593178
100	19	-0.012223355674363954
100	20	-0.004111696757998653
100	0	0.18720662829215595
100	1	0.17559719978652547
100	2	0.13723766335490062
100	3	0.11026768620631604
100	4	0.08662474209856853
100	5	0.06802675742523014
100	6	0.05277898700928567
100	7	0.040508965085693495
100	8	0.030541518406697124
100	9	0.02245800855361806
100	10	0.015878469346580052
100	11	0.01051166898464577
100	12	0.006120312492575668
100	13	0.0025148906742237303
100	14	-0.00045646186536629215
100	15	-0.002915946085857979
100	16	-0.004962470018465135
100	17	-0.00865048116737435
100	18	-0.01010021527512192
100	19	-0.011315208258449493
100	20	-0.003124980501750343
100	0	0.18532580480348268
100	1	0.17134881516462858
100	2	0.13353762243486508
100	3	0.10702797578563594
100	4	0.0837706937724913
100	5	0.0655365127876192
100	6	0.05055656226737978
100	7	0.0385179594226299
100	8	0.02872215483899297
100	9	0.020775128102500068
100	10	0.014293561224310407
100	11	0.008996147414373592
100	12	0.004647270373271775
100	13	0.0010622165326241665
100	14	-0.001908493882345967
100	15	-0.004384021801118513
100	16	-0.006460068795186359
100	17	-0.008213279730076049
100	18	-0.009705156358391505
100	19	-0.010985045760098837
100	20	-0.0028692034317462497
100	0	0.184915638293547
100	1	0.17141515063224086
100	2	0.13332675186560228
100	3	0.10672703615947726
100	4	0.08346487935006333
100	5	0.06525531884785991
100	6	0.05031772311133253
100	7	0.03832159094627017
100	8	0.028567165816830588
100	9	0.020656583389908147
100	10	0.01420686379687625
100	11	0.008936322194444877
100	12	0.004609856225870653
100	13	0.0010430500807026954
100	14	-0.0019131416434240438
100	15	-0.004377537944625557
100	16	-0.0064455126964501255
100	17	-0.008193433326244842
100	18	-0.009682552493235677
100	19	-0.010962003353412613
100	20	-0.002847848533252166
Type Heuristic:RWR, Dataset: cora
100	0	0.17417414049358498
100	1	0.18765353612103006
100	2	0.15034027924150284
100	3	0.11947505542297697
100	4	0.09338890597269284
100	5	0.07155234763377386
100	6	0.05401184827885795
100	7	0.03962192075057869
100	8	0.028034663906914146
100	9	0.018583562963002537
100	10	0.01091128369122494
100	11	0.004635594842517226
100	12	-0.0005037949026383694
100	13	-0.004736877128052115
100	14	-0.008236495437359236
100	15	-0.011145699031907399
100	16	-0.013576354579614291
100	17	-0.015619128459739414
100	18	-0.01734613102043365
100	19	-0.018815515688361817
100	20	-0.010850553387264063
100	0	0.18001346343462923
100	1	0.17914123537309032
100	2	0.14335313579376205
100	3	0.11357858926712526
100	4	0.08861012045627233
100	5	0.06769183568394169
100	6	0.05080167928175303
100	7	0.03690334148953094
100	8	0.02565141522074671
100	9	0.01644445306265878
100	10	0.008941420021620355
100	11	0.002788209493688614
100	12	-0.0022642244858839295
100	13	-0.006433958069559063
100	14	-0.00988768532921481
100	15	-0.012763159450817615
100	16	-0.015169059190964063
100	17	-0.01719354663339263
100	18	-0.01890707467874085
100	19	-0.020366540325763755
100	20	-0.01239433241221299
100	0	0.17964516590554028
100	1	0.17605430822656234
100	2	0.14183867625592977
100	3	0.11239063534170668
100	4	0.08805738576039952
100	5	0.06737887326253932
100	6	0.05074184420837366
100	7	0.03696769024494127
100	8	0.02582175319018911
100	9	0.016680491271733756
100	10	0.009232569197061658
100	11	0.0031227625266412244
100	12	-0.0018898866917677298
100	13	-0.006022518574896149
100	14	-0.00943963122400211
100	15	-0.012278511661791796
100	16	-0.014647328087545123
100	17	-0.01663417387131843
100	18	-0.018309482027879142
100	19	-0.019730241776024855
100	20	-0.011718950780883823
100	0	0.18378500122301722
100	1	0.1732886396797181
100	2	0.14003209655602483
100	3	0.1110178691005784
100	4	0.08726034360446555
100	5	0.06690330367708384
100	6	0.05043465860593506
100	7	0.036654090037916476
100	8	0.02539820326180648
100	9	0.016058387373686898
100	10	0.008364108058748336
100	11	0.001974772112507795
100	12	-0.0033309379585327865
100	13	-0.007761113603838222
100	14	-0.01147156446869861
100	15	-0.01459508895237894
100	16	-0.017236390521946716
100	17	-0.01948182309305523
100	18	-0.02140079423799721
100	19	-0.0230500028182768
100	20	-0.015252036921955515
100	0	0.1915848439355921
100	1	0.17829242528538175
100	2	0.14450093111962198
100	3	0.11432996536884915
100	4	0.08997727047026313
100	5	0.06888617512590679
100	6	0.0519025237938834
100	7	0.03766818905463838
100	8	0.026100685421928907
100	9	0.016545986029709737
100	10	0.008735830563794367
100	11	0.0023068893634367958
100	12	-0.002974680994614561
100	13	-0.007332043208816496
100	14	-0.010932458064979009
100	15	-0.013918783259069646
100	16	-0.016403667278687636
100	17	-0.018479873531765213
100	18	-0.020221824947122328
100	19	-0.021690121773908746
100	20	-0.013710351075922129
100	0	0.18383324516730662
100	1	0.17530196227518527
100	2	0.14244386332376643
100	3	0.1123580295235938
100	4	0.0881170949708512
100	5	0.06692332225567768
100	6	0.04984865963182167
100	7	0.03547744501666202
100	8	0.02379375179062614
100	9	0.014133973593370354
100	10	0.006246301201240462
100	11	-0.00023589235234104393
100	12	-0.005545545553008061
100	13	-0.009909470139270517
100	14	-0.013497809393639749
100	15	-0.016456930587178994
100	16	-0.018902511222518934
100	17	-0.020930080272129135
100	18	-0.022616371686613294
100	19	-0.024023926530707347
100	20	-0.01597990454798948
100	0	0.18561851505043464
100	1	0.17410479766440337
100	2	0.140841426480102
100	3	0.11107030211356402
100	4	0.08693497129886812
100	5	0.06596907042760321
100	6	0.04904439847915487
100	7	0.03484125262049556
100	8	0.02328551231991045
100	9	0.013737807053732754
100	10	0.005931570318854683
100	11	-0.0004917761979025034
100	12	-0.005765108184593524
100	13	-0.010109734042755815
100	14	-0.0136921438663965
100	15	-0.016654360890640783
100	16	-0.019108548271081896
100	17	-0.021146877138367774
100	18	-0.022842708323056318
100	19	-0.024253393531786037
100	20	-0.01619021734049919
100	0	0.18402259546440816
100	1	0.1703263853946055
100	2	0.13819350231811928
100	3	0.10862577672855758
100	4	0.08513907125484065
100	5	0.06464179464880267
100	6	0.048226577302203366
100	7	0.034414838194426055
100	8	0.023185377775870642
100	9	0.013866065380696818
100	10	0.0062168840789964775
100	11	-0.00011818702631163981
100	12	-0.005355208498486719
100	13	-0.009707025582518002
100	14	-0.013329850333317557
100	15	-0.01635936728143127
100	16	-0.01890322142540718
100	17	-0.021054534966459565
100	18	-0.022905973137443955
100	19	-0.0247863420407109
100	20	-0.01806424973174515
100	0	0.18768977714823915
100	1	0.1724325068549149
100	2	0.13920557023380625
100	3	0.10975930747945697
100	4	0.08605423126146396
100	5	0.06562270114878173
100	6	0.04912841874486497
100	7	0.03527220376425853
100	8	0.023949262531540387
100	9	0.014540159271001177
100	10	0.006797277616730177
100	11	0.00038185180163833243
100	12	-0.004919763648093081
100	13	-0.009315070797256112
100	14	-0.012959054174083738
100	15	-0.01598611152852628
100	16	-0.018502753991587708
100	17	-0.02059750823050298
100	18	-0.022340981279232664
100	19	-0.023787913003793727
100	20	-0.015745609562782155
100	0	0.18303221439281733
100	1	0.1719086358881565
100	2	0.13855279757250724
100	3	0.1090659431384682
100	4	0.08524715989194215
100	5	0.064684084412669
100	6	0.04806172397453688
100	7	0.03406074556617879
100	8	0.022585326808008663
100	9	0.013011458989363907
100	10	0.005094265282284585
100	11	-0.001504476784795891
100	12	-0.006997412976192651
100	13	-0.011590946243053204
100	14	-0.015439221262311783
100	15	-0.01867511290239262
100	16	-0.02139879430439705
100	17	-0.025202538610817112
100	18	-0.027181394824400688
100	19	-0.028866283424764643
100	20	-0.021088296881109667
Type Heuristic:RWR, Dataset: cora
100	0	0.2150092675073096
100	1	0.18731255299918714
100	2	0.14773366884896882
100	3	0.11871296077968872
100	4	0.09451113950948666
100	5	0.07471118529705997
100	6	0.05870183756928985
100	7	0.04547139455721038
100	8	0.03468934914124538
100	9	0.025765598771649013
100	10	0.018414186326746837
100	11	0.012300072423789232
100	12	0.007208629128910114
100	13	0.0029381862178571305
100	14	-0.0006592570639503747
100	15	-0.003710396456711759
100	16	-0.006313808105074358
100	17	-0.008550908090855062
100	18	-0.0104866051172272
100	19	-0.012173854441452308
100	20	-0.00443197129057794
100	0	0.2180860434468928
100	1	0.17185102845525965
100	2	0.1364417986322426
100	3	0.10539784232797926
100	4	0.08240389586437875
100	5	0.06206455931063806
100	6	0.04618171297068879
100	7	0.03254618777054351
100	8	0.0214886008797969
100	9	0.012159583654606714
100	10	0.004469457441444732
100	11	-0.0019549620250063895
100	12	-0.0072672416814631175
100	13	-0.011671338725080813
100	14	-0.015301593581842306
100	15	-0.018289964708652028
100	16	-0.020739620397442562
100	17	-0.02274206814143961
100	18	-0.024372498892542782
100	19	-0.025694993782448394
100	20	-0.017539314447773246
100	0	0.2283012956187603
100	1	0.17158571152229238
100	2	0.13668434369109655
100	3	0.10207250450609433
100	4	0.07845283243738647
100	5	0.05678405822750735
100	6	0.0406496503381022
100	7	0.02701434809280116
100	8	0.016473003850965184
100	9	0.007934873390025155
100	10	0.001251526342364997
100	11	-0.0040662001805856305
100	12	-0.008243902232867594
100	13	-0.011542918043916
100	14	-0.014133653807474632
100	15	-0.016168723869963646
100	16	-0.017760638890545178
100	17	-0.01900222987013306
100	18	-0.01996515117823467
100	19	-0.020707010899340683
100	20	-0.012049725994324875
100	0	0.22785094215360838
100	1	0.166603518871454
100	2	0.13289134696419402
100	3	0.0978107704120891
100	4	0.07499590165730635
100	5	0.054271685231482146
100	6	0.03937084506642053
100	7	0.02704354801897755
100	8	0.017742183404810256
100	9	0.010336444338441206
100	10	0.004637562286079927
100	11	0.00016922420445580457
100	12	-0.0032856514022276844
100	13	-0.005968205546073697
100	14	-0.008033168329930134
100	15	-0.009617458790518056
100	16	-0.010821240205930152
100	17	-0.011726790287564763
100	18	-0.012397373552456622
100	19	-0.012883705525075836
100	20	-0.004002146926176413
100	0	0.22502932102479725
100	1	0.16510806047152046
100	2	0.1311256593601836
100	3	0.09608700607284469
100	4	0.07339512014617876
100	5	0.052762113547019575
100	6	0.03788300022571809
100	7	0.025509851378113936
100	8	0.016090691130413573
100	9	0.00852444740642664
100	10	0.002631083068161304
100	11	-0.0020486986662199193
100	12	-0.00572476822517269
100	13	-0.008630514876142399
100	14	-0.010916673523339296
100	15	-0.012716853978900667
100	16	-0.014129366484605591
100	17	-0.015235198446876116
100	18	-0.01609694081482018
100	19	-0.01676495400436948
100	20	-0.008055525366649868
100	0	0.2245349626207401
100	1	0.16536901633031434
100	2	0.13104981330034715
100	3	0.09496032534570256
100	4	0.07129858176896871
100	5	0.05023120643749935
100	6	0.03573078475820496
100	7	0.024109575311264664
100	8	0.015646756739227906
100	9	0.009035008409368323
100	10	0.0040334033927877525
100	11	0.0001485990944144105
100	12	-0.002831447358227712
100	13	-0.005133920674841061
100	14	-0.006899404002687855
100	15	-0.008250674077021786
100	16	-0.009276121821801675
100	17	-0.01004783565263157
100	18	-0.010620801841609538
100	19	-0.011038854629855372
100	20	-0.002112761072805035
100	0	0.22203658096198892
100	1	0.16498324987835705
100	2	0.13157839515731365
100	3	0.09688098478531407
100	4	0.07337221696953665
100	5	0.05159549706055726
100	6	0.03589295556708549
100	7	0.0230112651569042
100	8	0.01353512200389363
100	9	0.006151262806767596
100	10	0.0006023256519383829
100	11	-0.003676627265396001
100	12	-0.006938260341340196
100	13	-0.009447011659865279
100	14	-0.011364999239227212
100	15	-0.012831051979990299
100	16	-0.013943540498337726
100	17	-0.014781691657110121
100	18	-0.015405297383655881
100	19	-0.015861699809447204
100	20	-0.006964208814026001
100	0	0.22581149137294002
100	1	0.16210251192181685
100	2	0.12877128498923282
100	3	0.09358905302107513
100	4	0.07104959424087431
100	5	0.05077735252589096
100	6	0.03642512604936461
100	7	0.024667272105518875
100	8	0.015870502826067227
100	9	0.008896638107290291
100	10	0.003542338300722871
100	11	-0.0006564890917568683
100	12	-0.003910107688915305
100	13	-0.006447511646551432
100	14	-0.008414510815509637
100	15	-0.009939085726729729
100	16	-0.011114316753059931
100	17	-0.012016239927078317
100	18	-0.012703018984232785
100	19	-0.013221052300815508
100	20	-0.00438313891414214
100	0	0.22058438727746033
100	1	0.15810407407172813
100	2	0.1261530401900941
100	3	0.09067270467086005
100	4	0.06930163303356802
100	5	0.0498274116058725
100	6	0.03584801365818947
100	7	0.024190665760814162
100	8	0.01530331638416309
100	9	0.008142395464638685
100	10	0.002552376062246211
100	11	-0.00189669739920265
100	12	-0.005397383565831946
100	13	-0.008168520518330249
100	14	-0.010351121868302707
100	15	-0.012071344440006836
100	16	-0.013422194074684306
100	17	-0.014480646476060916
100	18	-0.015306311286689049
100	19	-0.015947268741743827
100	20	-0.007218059070263248
100	0	0.22747726466081442
100	1	0.1585748962463594
100	2	0.12651296263766953
100	3	0.09065500036972776
100	4	0.0689751968563607
100	5	0.04891819647709281
100	6	0.03504716547718675
100	7	0.02354010964123179
100	8	0.015033245823019794
100	9	0.008277815734262527
100	10	0.003139773823575447
100	11	-0.0008709998624133354
100	12	-0.003948121736960923
100	13	-0.006326115043894254
100	14	-0.008146262120200675
100	15	-0.009537017984428043
100	16	-0.010589650097421136
100	17	-0.011379544592941366
100	18	-0.011963766360509089
100	19	-0.012387933752582092
100	20	-0.0034640367898999156
Type Heuristic:KI, Dataset: pubmed
300	0	0.7463129444073116
300	1	0.5317922421845548
300	2	0.3107763425922819
300	3	0.27795259345993556
300	4	0.24252365300254808
300	5	0.22553570894227185
300	6	0.20471743389856925
300	7	0.1896953010559468
300	8	0.174014281877475
300	9	0.1613377933186915
300	10	0.14904301585527333
300	11	0.13853241857833243
300	12	0.12865070608634516
300	13	0.11991683713226174
300	14	0.11180244712990127
300	15	0.10448001826129759
300	16	0.09769626754700866
300	17	0.0914918517977593
300	18	0.08573664005915056
300	19	0.08042459441313743
300	20	0.07548260682794565
300	0	0.7221756628033343
300	1	0.481804246218845
300	2	0.2816145657985342
300	3	0.24620532871158418
300	4	0.21997027097084942
300	5	0.20644418425503747
300	6	0.19145653690819092
300	7	0.1795436598867251
300	8	0.16753859307785904
300	9	0.15711211904617517
300	10	0.14708956044321259
300	11	0.13808850002942102
300	12	0.12958526348165345
300	13	0.12180526315603644
300	14	0.1144954522526564
300	15	0.10772789269582246
300	16	0.10137236517962224
300	17	0.0954413750060348
300	18	0.08986274822270353
300	19	0.08462741620820713
300	20	0.0796916788754396
300	0	0.7419470736749315
300	1	0.46615120333761784
300	2	0.2678897503261376
300	3	0.23319659072372947
300	4	0.20831592977526295
300	5	0.19582175780320868
300	6	0.18203896244076873
300	7	0.1711182638230193
300	8	0.16016655151482648
300	9	0.15066807809155283
300	10	0.14350261826401856
300	11	0.13531559490197165
300	12	0.12759703542268847
300	13	0.12052858828780477
300	14	0.11389623149535529
300	15	0.10775113573519654
300	16	0.10198166950788161
300	17	0.0965923093477822
300	18	0.09152019752121318
300	19	0.0867539795620134
300	20	0.0822550755980978
300	0	0.7436480010040896
300	1	0.4603895350380342
300	2	0.26372789674082153
300	3	0.22950426292444623
300	4	0.2057363028691576
300	5	0.19422689223167797
300	6	0.18147643105659703
300	7	0.1714808403278216
300	8	0.1614116166353037
300	9	0.1526713116822491
300	10	0.14428215418207238
300	11	0.13673040610948486
300	12	0.12959856253442625
300	13	0.1230538271030793
300	14	0.11689754928760493
300	15	0.1111792120854076
300	16	0.10579649036866597
300	17	0.10075526026953308
300	18	0.09599843537402786
300	19	0.0915169102336179
300	20	0.0872759670612259
300	0	0.7403882305803112
300	1	0.4546111548651435
300	2	0.258702436789485
300	3	0.2242594767330464
300	4	0.20121684906937493
300	5	0.19021643938557853
300	6	0.17826491282291
300	7	0.16894138806117284
300	8	0.159630063179078
300	9	0.15155749800852691
300	10	0.14384197583297517
300	11	0.13689577305105194
300	12	0.13034547563995577
300	13	0.12432843358122035
300	14	0.11866667715449855
300	15	0.11339865491022039
300	16	0.1084322699504402
300	17	0.10377019887403008
300	18	0.09936093384448319
300	19	0.09519530043571703
300	20	0.09124203554951844
300	0	0.7461831222497312
300	1	0.4497724351446196
300	2	0.2541090309549845
300	3	0.21965551988631773
300	4	0.19687025044392575
300	5	0.18597967308576527
300	6	0.17424222177028273
300	7	0.16506508624445132
300	8	0.1559572195821876
300	9	0.14805715594585114
300	10	0.14054489539129886
300	11	0.13378781789899605
300	12	0.1274420195147748
300	13	0.12162258617923362
300	14	0.1161650952322286
300	15	0.11109694741452915
300	16	0.10633176482426672
300	17	0.10186575197081552
300	18	0.09764688587212085
300	19	0.09364406016113784
300	20	0.08822144636776062
300	0	0.7388012779791372
300	1	0.44672732369536217
300	2	0.2518094136386597
300	3	0.2168687523330946
300	4	0.19454711787431625
300	5	0.1839060017044267
300	6	0.17264090051898667
300	7	0.16386500321010364
300	8	0.15521529773065781
300	9	0.14773409692264117
300	10	0.14064592649116753
300	11	0.13428370148264937
300	12	0.12832052000252755
300	13	0.12285903280206745
300	14	0.11774175396638245
300	15	0.11299214499589552
300	16	0.10852719433392086
300	17	0.104343339074437
300	18	0.10039324733881612
300	19	0.0966653801567287
300	20	0.09313059170896766
300	0	0.7360057087047602
300	1	0.44296488449899807
300	2	0.24854703575214043
300	3	0.21364811145515292
300	4	0.19177714209841606
300	5	0.18155963682109671
300	6	0.17079777987971925
300	7	0.16249187785787358
300	8	0.1543178248787129
300	9	0.14727401443113022
300	10	0.1406058547206052
300	11	0.13462877767617284
300	12	0.12902750026688733
300	13	0.12389841020788672
300	14	0.11909048529892415
300	15	0.11462557648429514
300	16	0.11042440489873528
300	17	0.10648359996431213
300	18	0.10275816877152683
300	19	0.09923737766100812
300	20	0.09589369708782725
300	0	0.7327797381635448
300	1	0.436284747678448
300	2	0.2425614403635405
300	3	0.20752910623570847
300	4	0.1859096969715466
300	5	0.17575005866685728
300	6	0.1651664288638858
300	7	0.15699006146644104
300	8	0.1489997730558262
300	9	0.14212525926149297
300	10	0.1356523050084133
300	11	0.12986484984032529
300	12	0.12446512181974684
300	13	0.11953473515736461
300	14	0.11493059316272723
300	15	0.11066764394826202
300	16	0.1066702368608431
300	17	0.1029318043657457
300	18	0.09940900157067063
300	19	0.09608961710021414
300	20	0.09294684965158488
300	0	0.7281976355680007
300	1	0.43599643934476484
300	2	0.24172761545912783
300	3	0.20729647050803782
300	4	0.18570598338454136
300	5	0.17587776424179713
300	6	0.1654895016102275
300	7	0.15759353456850028
300	8	0.14983811660610102
300	9	0.14322119738026443
300	10	0.13698401551985087
300	11	0.13143528141149932
300	12	0.12626007464493932
300	13	0.12155004212615332
300	14	0.1171548495556946
300	15	0.1130937603233897
300	16	0.10928788824493078
300	17	0.10573258036410504
300	18	0.10238302210143219
300	19	0.09922789197410414
300	20	0.0962397586187606
Type Heuristic:KI, Dataset: pubmed
300	0	0.7033191137942875
300	1	0.6425565364002391
300	2	0.3618184998833264
300	3	0.34637726489953674
300	4	0.30381305458960617
300	5	0.29389073472882055
300	6	0.27550165890015893
300	7	0.26364122910500803
300	8	0.2500372388031574
300	9	0.23817976339808625
300	10	0.2261351782880871
300	11	0.21470394080623179
300	12	0.20340881245469575
300	13	0.1924138441412607
300	14	0.18160255942912265
300	15	0.17099431159392303
300	16	0.16056522822725228
300	17	0.1503096005304061
300	18	0.1402280332578085
300	19	0.13031665765638883
300	20	0.12058294927445119
300	0	0.7034251223012487
300	1	0.5340408501428384
300	2	0.28007739345038485
300	3	0.2715014440905085
300	4	0.2380023468527058
300	5	0.23429355923769232
300	6	0.22169031442789267
300	7	0.215110505334318
300	8	0.20619536240915498
300	9	0.1987963230922964
300	10	0.190709943864294
300	11	0.18299730706002273
300	12	0.17499815269095798
300	13	0.167023325975978
300	14	0.15885462854816568
300	15	0.15058843727190635
300	16	0.142151277288305
300	17	0.13357996739321792
300	18	0.12485787163861567
300	19	0.11601092983880297
300	20	0.10705085405574219
300	0	0.7109873223793385
300	1	0.5165625122532632
300	2	0.2671374972038168
300	3	0.2583043823612403
300	4	0.22563506236578731
300	5	0.22206690630891307
300	6	0.20979691046768198
300	7	0.20336881571351764
300	8	0.19467025237108468
300	9	0.1874266072279417
300	10	0.1795337941385264
300	11	0.17200632647017836
300	12	0.16422973093084048
300	13	0.1565003054500582
300	14	0.14862289967770637
300	15	0.1406922135549432
300	16	0.13264735250659718
300	17	0.12452751368965684
300	18	0.11632276833940323
300	19	0.10806096437635447
300	20	0.09975578495800624
300	0	0.7041720322819213
300	1	0.5075805280329405
300	2	0.25957985648497206
300	3	0.24992492681218215
300	4	0.21720337476453083
300	5	0.2137620682938418
300	6	0.2017134744183049
300	7	0.19563219927801043
300	8	0.18733014756253746
300	9	0.18054477274311567
300	10	0.17314934811450094
300	11	0.16615794443066875
300	12	0.15894838461952202
300	13	0.15181292060786358
300	14	0.14455035175826703
300	15	0.13724915258168352
300	16	0.1298406883738834
300	17	0.12235588354352175
300	18	0.11477530872957323
300	19	0.10711727495912117
300	20	0.09938550832873728
300	0	0.6952498546918418
300	1	0.4989201188513708
300	2	0.2531600736501372
300	3	0.242371913453063
300	4	0.2100974026000142
300	5	0.20669048050523808
300	6	0.19502938375649947
300	7	0.1892514835101782
300	8	0.1813747925265215
300	9	0.17500142943017438
300	10	0.16807657293251485
300	11	0.16156841603412397
300	12	0.15488237703483465
300	13	0.14829488010607048
300	14	0.14161528311343421
300	15	0.13492604800372968
300	16	0.12816145920400712
300	17	0.12134870875110712
300	18	0.11446701068499261
300	19	0.10753034038721607
300	20	0.10053813648519552
300	0	0.6885499388041045
300	1	0.49727139325189973
300	2	0.25154317436126233
300	3	0.24032534280746307
300	4	0.20762273002842208
300	5	0.2040210966657871
300	6	0.19215961709701765
300	7	0.18627246208266504
300	8	0.17831805944921325
300	9	0.17190777006097324
300	10	0.16498022539570062
300	11	0.15849833205252686
300	12	0.15186938197314195
300	13	0.14536480715422023
300	14	0.13879522455125826
300	15	0.13223943613530126
300	16	0.12563123872390863
300	17	0.11899454279560452
300	18	0.11230647207731066
300	19	0.10557734706795563
300	20	0.09880320324435121
300	0	0.6834489292196467
300	1	0.49200839168356175
300	2	0.24644661531485224
300	3	0.23446033997114643
300	4	0.20154951736170068
300	5	0.19778451056169394
300	6	0.18598397769741776
300	7	0.18019411284448797
300	8	0.17247983350705864
300	9	0.16635050881114902
300	10	0.15980728214216536
300	11	0.15376245749038361
300	12	0.14765528956103255
300	13	0.14173300828326577
300	14	0.13582077506746582
300	15	0.1299849196811883
300	16	0.1241639658658122
300	17	0.11837340097802398
300	18	0.11258890034699973
300	19	0.10681256716729275
300	20	0.10103446259020168
300	0	0.6649860005426753
300	1	0.48733885013836514
300	2	0.24212514413758784
300	3	0.22998266201782178
300	4	0.19709589434103988
300	5	0.1934019850133659
300	6	0.18177711847483552
300	7	0.17616592156710836
300	8	0.16870695352761933
300	9	0.16283783341957367
300	10	0.1566063367143722
300	11	0.15088824991255873
300	12	0.145146386594321
300	13	0.1396112156952073
300	14	0.1341187079293252
300	15	0.12872751254393155
300	16	0.12338051668881705
300	17	0.11808920965245023
300	18	0.11283026914450134
300	19	0.10760293102173626
300	20	0.10239627525622211
300	0	0.6566406093062395
300	1	0.4836845288934573
300	2	0.23853488103711065
300	3	0.2266608243129295
300	4	0.19383273050769392
300	5	0.19026361826659866
300	6	0.17876147682506757
300	7	0.17327743862825332
300	8	0.1659821787381472
300	9	0.1602772469722563
300	10	0.15424150870758238
300	11	0.14872613934380013
300	12	0.14321117838308123
300	13	0.1379147715460939
300	14	0.1326810326072558
300	15	0.1275630755446849
300	16	0.12250733528552386
300	17	0.11752282373603203
300	18	0.1125875340082495
300	19	0.1076993808932914
300	20	0.10284757514320714
300	0	0.6594397144314486
300	1	0.48351471912903327
300	2	0.23652961760830493
300	3	0.22516175127888755
300	4	0.1916210613402552
300	5	0.18796309376399437
300	6	0.17631082927469158
300	7	0.17076911458972915
300	8	0.16350708602147349
300	9	0.1578418774501889
300	10	0.15192673243131635
300	11	0.14653972824027822
300	12	0.14121206123632796
300	13	0.13612039019673125
300	14	0.13113603537723623
300	15	0.12629100984525238
300	16	0.1215447770713537
300	17	0.11689588070193285
300	18	0.11232797024148462
300	19	0.10783352971460793
300	20	0.10340371060025896
Type Heuristic:KI, Dataset: pubmed
300	0	0.7352830904584876
300	1	0.5294686590999547
300	2	0.3337177153097928
300	3	0.2870207681198386
300	4	0.2553691541829366
300	5	0.23280882559705623
300	6	0.21120140986684816
300	7	0.19276686896742337
300	8	0.17525483609552747
300	9	0.1600681074235102
300	10	0.1459083015745557
300	11	0.13344144171014033
300	12	0.12193852553668173
300	13	0.11165950533953276
300	14	0.10221214069714496
300	15	0.09366807348609585
300	16	0.08581403122170743
300	17	0.07864594312504535
300	18	0.07204161669326982
300	19	0.06597197327746088
300	20	0.060361550106725774
300	0	0.6777685834833708
300	1	0.4759425280897711
300	2	0.2926027766889933
300	3	0.2516568982029726
300	4	0.22863096520419426
300	5	0.2125742486205165
300	6	0.19740048738908494
300	7	0.18312022555697238
300	8	0.16953948042653355
300	9	0.1566064988649766
300	10	0.14438797405118134
300	11	0.13282122539356536
300	12	0.12191972627104945
300	13	0.11164432796613154
300	14	0.10197624239767389
300	15	0.09288715188781381
300	16	0.08434803733569333
300	17	0.07633292450578961
300	18	0.06881124369726199
300	19	0.06175704444196358
300	20	0.05514100754071695
300	0	0.6815274468878296
300	1	0.4554867202323994
300	2	0.274117177913122
300	3	0.2330260358934832
300	4	0.2116142527833728
300	5	0.19671669803054512
300	6	0.18319892738899973
300	7	0.17046743284457974
300	8	0.15861557885528207
300	9	0.14736425092455624
300	10	0.13687336217545212
300	11	0.12697493124807796
300	12	0.11771372823432005
300	13	0.10899697875334856
300	14	0.10081688553012043
300	15	0.09311848132284993
300	16	0.0858780348059681
300	17	0.07905839614894793
300	18	0.07263368328699442
300	19	0.06657564607252021
300	20	0.060860396220614336
300	0	0.695296435655524
300	1	0.4447723679371051
300	2	0.2640459363590873
300	3	0.22459139921599397
300	4	0.20386933394447698
300	5	0.19011354702608216
300	6	0.17738904344628637
300	7	0.16557991398548735
300	8	0.15451156829947718
300	9	0.14404712361755845
300	10	0.13426684365408081
300	11	0.1250406177008821
300	12	0.11639277025599472
300	13	0.1082397531285072
300	14	0.10057061370196456
300	15	0.09333314806326914
300	16	0.08650524655467452
300	17	0.08005176890866178
300	18	0.07394968990447058
300	19	0.06817308871394119
300	20	0.06270115568184352
300	0	0.6880725249893102
300	1	0.43892417579420506
300	2	0.2598040638899198
300	3	0.22005066637699347
300	4	0.20000977890613825
300	5	0.18650205846716048
300	6	0.1742942087295987
300	7	0.16289696743342846
300	8	0.1523107531084241
300	9	0.14229186783316075
300	10	0.13296373771910522
300	11	0.12416186674032148
300	12	0.11592177138167259
300	13	0.10814699784176797
300	14	0.10083040940222779
300	15	0.09391505535354025
300	16	0.08937230115876368
300	17	0.08318473655050321
300	18	0.07731566925535574
300	19	0.07174290913636161
300	20	0.0664477358148213
300	0	0.6991148544488517
300	1	0.4377525120585525
300	2	0.2586815194575232
300	3	0.21946938486350914
300	4	0.19962253918592274
300	5	0.1862128695087078
300	6	0.17406503169909496
300	7	0.16266988680179725
300	8	0.15208963918861754
300	9	0.14206158182081444
300	10	0.13273582867673459
300	11	0.12394064152069441
300	12	0.11571954164959304
300	13	0.1079739665286236
300	14	0.10069754173593964
300	15	0.09383206349293349
300	16	0.08735628172496668
300	17	0.08123260457778393
300	18	0.07543829472318347
300	19	0.06994668838774336
300	20	0.06473748015241934
300	0	0.6933319448206355
300	1	0.43222103048069643
300	2	0.25380771253871676
300	3	0.2144599789243432
300	4	0.19512666708238322
300	5	0.18216777308752707
300	6	0.17060822553661736
300	7	0.15977495091182722
300	8	0.14977787306092266
300	9	0.14029604495334136
300	10	0.13149642043440654
300	11	0.12318385302502936
300	12	0.1154101124211093
300	13	0.10806740394938194
300	14	0.10115439959870609
300	15	0.09460996333385979
300	16	0.08841647861137418
300	17	0.08253633708396257
300	18	0.07694978281617772
300	19	0.07163147212680536
300	20	0.06656374495186636
300	0	0.6917184000046255
300	1	0.4310703848248767
300	2	0.2537143634673224
300	3	0.21419009491709584
300	4	0.19522492918670029
300	5	0.18239183640645576
300	6	0.17103859240716046
300	7	0.16032253798285198
300	8	0.1504464245335269
300	9	0.1410391088805604
300	10	0.13230558021962288
300	11	0.1240330596575343
300	12	0.11629139889454661
300	13	0.1089665201749199
300	14	0.10206609559251212
300	15	0.09552707844881901
300	16	0.08933646590160157
300	17	0.08345637685130566
300	18	0.07786949689397964
300	19	0.07255072196600773
300	20	0.0674837073781345
300	0	0.686028515830108
300	1	0.4265857045574733
300	2	0.2499712230894249
300	3	0.21017444546285008
300	4	0.1915443416659653
300	5	0.17884169029454966
300	6	0.16777754240138032
300	7	0.1573121248367797
300	8	0.14774022153159241
300	9	0.13863010663613945
300	10	0.13020900168499247
300	11	0.12224325434997622
300	12	0.11480690455710288
300	13	0.10777796617707144
300	14	0.1011640208054208
300	15	0.09489877293126682
300	16	0.08896847727866679
300	17	0.08333390053729381
300	18	0.07797723011596519
300	19	0.07287291545045317
300	20	0.06800450891969884
300	0	0.6838825989351077
300	1	0.42220445934505063
300	2	0.24569519181052832
300	3	0.2060666966359186
300	4	0.1876955367847578
300	5	0.17538424745099054
300	6	0.16467260431714673
300	7	0.1546480584610302
300	8	0.1454747657646179
300	9	0.13680765427420816
300	10	0.12880035816762717
300	11	0.12126539048095254
300	12	0.1142400809244912
300	13	0.10762435551047035
300	14	0.1014085134896851
300	15	0.09553592166501024
300	16	0.08998492654614987
300	17	0.0847203227792584
300	18	0.0797207427521458
300	19	0.07496226512650747
300	20	0.07042689369132701
Type Heuristic:RWR, Dataset: photo
200	0	0.08882123238055158
200	1	0.2551797052940604
200	2	0.29349173659180117
200	3	0.11630320777735247
200	4	0.12315006073857519
200	5	0.06214052322159173
200	6	0.04602800583368634
200	7	0.018087968840456436
200	8	0.0018990755283759032
200	9	-0.014877723807706127
200	10	-0.02770922640502462
200	11	-0.03945487831119701
200	12	-0.049406258865229494
200	13	-0.058338374829532996
200	14	-0.06624906110497034
200	15	-0.07341269241111936
200	16	-0.07992053942000849
200	17	-0.08590219461209452
200	18	-0.0914356527136108
200	19	-0.09659517078246552
200	20	-0.09221222923915147
200	0	0.08778598440082475
200	1	0.315932424317449
200	2	0.29806778733837835
200	3	0.11274730746079988
200	4	0.11868978357112335
200	5	0.05485058703624218
200	6	0.039335656439968274
200	7	0.010889947742197028
200	8	-0.004723625183772412
200	9	-0.02117751867186413
200	10	-0.033297847252874165
200	11	-0.04434659816657413
200	12	-0.05343368630808534
200	13	-0.06146735307224565
200	14	-0.06839648693627196
200	15	-0.07454471196160974
200	16	-0.07999285920926259
200	17	-0.08489123249996623
200	18	-0.08931811789566468
200	19	-0.09335782698991332
200	20	-0.08784458535817528
200	0	0.06490039273827786
200	1	0.34276160936205785
200	2	0.29572084490692696
200	3	0.09701324720252158
200	4	0.10951409774675269
200	5	0.04479721977330666
200	6	0.032673518883946866
200	7	0.005220179280992283
200	8	-0.008489483567342495
200	9	-0.02367105207855178
200	10	-0.03444298308894684
200	11	-0.04442138548899503
200	12	-0.05251746811627221
200	13	-0.05970957919774324
200	14	-0.06588058439361359
200	15	-0.0713637715399433
200	16	-0.07621403843467196
200	17	-0.08057871110148503
200	18	-0.08452360481922074
200	19	-0.08812816014913188
200	20	-0.08221935016020446
200	0	0.047270541216872616
200	1	0.3851957863564055
200	2	0.2763953415423307
200	3	0.08202714335571312
200	4	0.09328369837611875
200	5	0.032281806803464895
200	6	0.02263790249734302
200	7	-0.0021567661014019533
200	8	-0.013872230154472915
200	9	-0.027434483597074375
200	10	-0.036872305423455064
200	11	-0.045741184448927406
200	12	-0.05287611646959401
200	13	-0.05924372189958909
200	14	-0.06468633564950177
200	15	-0.06952891569207303
200	16	-0.07380491496796625
200	17	-0.07765425806716915
200	18	-0.08113086592934506
200	19	-0.08430824652343727
200	20	-0.07800631326209218
200	0	0.044254689393690726
200	1	0.4343591464272799
200	2	0.2527729485883179
200	3	0.07190030072411255
200	4	0.07530727487166362
200	5	0.021120237477946974
200	6	0.012549326827416711
200	7	-0.00892777080007631
200	8	-0.018721518034017573
200	9	-0.030209701580504827
200	10	-0.03799612185031057
200	11	-0.04535772775996116
200	12	-0.05117976328102373
200	13	-0.05637843774961762
200	14	-0.0607762111685086
200	15	-0.06468419680071734
200	16	-0.06811633781195603
200	17	-0.07120417155257525
200	18	-0.07398858737711213
200	19	-0.07653621956186907
200	20	-0.06965841270265355
200	0	0.043051639986078256
200	1	0.4413626511002405
200	2	0.23969460018810004
200	3	0.06733924669885391
200	4	0.06819992630092155
200	5	0.01738557505292731
200	6	0.009401598639589503
200	7	-0.010516889899237932
200	8	-0.01943363206454169
200	9	-0.029984213044941036
200	10	-0.037043363013491905
200	11	-0.04374842676209228
200	12	-0.049010316499240696
200	13	-0.05371709481368783
200	14	-0.05768248563216432
200	15	-0.061209035312168626
200	16	-0.06430161146836699
200	17	-0.067086965627752
200	18	-0.0695998931071474
200	19	-0.07190356978293484
200	20	-0.06480540592699686
200	0	0.043046147097119986
200	1	0.4453177452253412
200	2	0.22980116086198726
200	3	0.0655843086371504
200	4	0.062199757945249796
200	5	0.01399349301559113
200	6	0.005759430739214957
200	7	-0.013044302181996873
200	8	-0.0214679454350815
200	9	-0.03125578504470921
200	10	-0.03770761444522713
200	11	-0.0437683069551876
200	12	-0.04844262299704647
200	13	-0.05257521147132713
200	14	-0.056000181019223744
200	15	-0.05900891804046022
200	16	-0.06160980790825297
200	17	-0.06392562633619131
200	18	-0.06599079049440394
200	19	-0.06786628007229072
200	20	-0.060358318932220316
200	0	0.0427831645476757
200	1	0.4511094016411487
200	2	0.22187597410767868
200	3	0.0542031761090889
200	4	0.05245535993575471
200	5	0.006964893118317028
200	6	0.0012208624276137147
200	7	-0.015591693460362223
200	8	-0.022312768631874265
200	9	-0.030850443272277928
200	10	-0.03625390745722184
200	11	-0.04153833138420321
200	12	-0.04557485532424288
200	13	-0.04922455423288474
200	14	-0.05225922632854608
200	15	-0.05496780630795592
200	16	-0.05732942621705582
200	17	-0.059460474714254884
200	18	-0.06138076687153644
200	19	-0.063145500208936
200	20	-0.05555303888476708
200	0	0.0425482856386088
200	1	0.452530410691313
200	2	0.2236526152394034
200	3	0.05165742517055046
200	4	0.05066117123744819
200	5	0.0053300606417541205
200	6	2.8769048255860616e-05
200	7	-0.016596085925643586
200	8	-0.023118485838587135
200	9	-0.03153687133085004
200	10	-0.03681615638303578
200	11	-0.04199406799589265
200	12	-0.045916404028506524
200	13	-0.04945227654228014
200	14	-0.05236651095356178
200	15	-0.054951923734919174
200	16	-0.05718632898238861
200	17	-0.05918832585049122
200	18	-0.06097799416326331
200	19	-0.06261191697303573
200	20	-0.05488901317471521
200	0	0.042498941205178296
200	1	0.4506389934126635
200	2	0.22272380190878382
200	3	0.049384716580299366
200	4	0.049062481437686545
200	5	0.0031601383134112564
200	6	-0.0017835964185506307
200	7	-0.01815819538789713
200	8	-0.0242331188974011
200	9	-0.032177288716478736
200	10	-0.03695888657614801
200	11	-0.041640760409716156
200	12	-0.04508554992455894
200	13	-0.048164523428735805
200	14	-0.050648723203594044
200	15	-0.05282890549887987
200	16	-0.05468335141121629
200	17	-0.056327982811625606
200	18	-0.057781478084125544
200	19	-0.05909807956392274
200	20	-0.05107506447826962
Type Heuristic:RWR, Dataset: photo
200	0	0.06814264604952085
200	1	0.38747753343229774
200	2	0.31122701745420134
200	3	0.15539128771584834
200	4	0.12299360672223383
200	5	0.06631111425115813
200	6	0.04191766022615189
200	7	0.014626687622084885
200	8	-0.002621641677554951
200	9	-0.01861217167323119
200	10	-0.030614292638390616
200	11	-0.041103177880864386
200	12	-0.04964254613305741
200	13	-0.05705513160669078
200	14	-0.06337569289613026
200	15	-0.06893674877724011
200	16	-0.07383677931032509
200	17	-0.07823656332779882
200	18	-0.0822178887987251
200	19	-0.08586904848702373
200	20	-0.08002375128954553
200	0	0.06640126809058945
200	1	0.380259112797208
200	2	0.31826437274851427
200	3	0.1481220078845173
200	4	0.12050288732292516
200	5	0.06218323148079237
200	6	0.039827890574494144
200	7	0.01286391820873939
200	8	-0.003397256532894729
200	9	-0.018890743288247875
200	10	-0.03031160501984534
200	11	-0.04039201585795857
200	12	-0.048544869507607814
200	13	-0.055650342768947
200	14	-0.06169805619443794
200	15	-0.06703153069594692
200	16	-0.07173297948125819
200	17	-0.07596337112225679
200	18	-0.079797191766616
200	19	-0.08332074014173371
200	20	-0.07736372074310421
200	0	0.06384711934303325
200	1	0.3607737034012772
200	2	0.3047982763998966
200	3	0.13863172699314075
200	4	0.1139440121426137
200	5	0.05879245000198069
200	6	0.03817716849240169
200	7	0.012893117368951568
200	8	-0.0022856251495472772
200	9	-0.016822738892350288
200	10	-0.027545799199735294
200	11	-0.03703038410741427
200	12	-0.04471323645010515
200	13	-0.051418114755143
200	14	-0.05713343584482627
200	15	-0.06217976169672876
200	16	-0.06663416757470535
200	17	-0.07064694844854483
200	18	-0.07428813010910132
200	19	-0.07763841284263842
200	20	-0.0715242956246515
200	0	0.061757882353343965
200	1	0.35444618245543263
200	2	0.29949071625029916
200	3	0.1314649009392466
200	4	0.10838710241243486
200	5	0.05466322597834974
200	6	0.03550605916650183
200	7	0.011531200230492632
200	8	-0.0025306154342968263
200	9	-0.016067630365875173
200	10	-0.02592383715785985
200	11	-0.03462741775027089
200	12	-0.04161209809524617
200	13	-0.047678494052303545
200	14	-0.05280787322409203
200	15	-0.057308972457464
200	16	-0.061252665407120134
200	17	-0.06478263161474763
200	18	-0.06796446244991845
200	19	-0.0708748788570827
200	20	-0.06433739655863933
200	0	0.060425190372200774
200	1	0.34136254312241465
200	2	0.29895610361018526
200	3	0.12466757796330738
200	4	0.10497037865659196
200	5	0.0508515517837264
200	6	0.0330329150388943
200	7	0.009449581516509887
200	8	-0.003908956102424117
200	9	-0.017026761841668285
200	10	-0.02643057876570704
200	11	-0.03479185327691832
200	12	-0.04145546947434288
200	13	-0.047256716492156285
200	14	-0.052148565288061416
200	15	-0.056446870464022525
200	16	-0.06021181868934057
200	17	-0.06358722411292554
200	18	-0.06663369472114658
200	19	-0.06942653457816066
200	20	-0.06278642561347744
200	0	0.06075487514031078
200	1	0.3422816512238214
200	2	0.30257870859050356
200	3	0.11920019823417992
200	4	0.10000059345082575
200	5	0.045867608444197176
200	6	0.02899422066823035
200	7	0.006344137514519939
200	8	-0.006088207296373693
200	9	-0.018325694810342533
200	10	-0.026932729911488987
200	11	-0.034556122781339356
200	12	-0.04054962870053827
200	13	-0.045731441148137084
200	14	-0.05005243909644038
200	15	-0.05381862723948834
200	16	-0.05708607360657797
200	17	-0.05999271456253345
200	18	-0.0625955772387679
200	19	-0.0649662595327675
200	20	-0.05792280259297689
200	0	0.06492373228405807
200	1	0.35345781551809297
200	2	0.303213534443167
200	3	0.11957194377048216
200	4	0.09840381279769288
200	5	0.044918655535391094
200	6	0.02770279959073888
200	7	0.005370889346990311
200	8	-0.007021489917143738
200	9	-0.01902968363389119
200	10	-0.027471917229260664
200	11	-0.03486678369550883
200	12	-0.04063808891762016
200	13	-0.04556917536830409
200	14	-0.049631214726966036
200	15	-0.053121193457434414
200	16	-0.056101806801310036
200	17	-0.058709220260675155
200	18	-0.06100319684041341
200	19	-0.06305558807578449
200	20	-0.05568597236568557
200	0	0.06102432069818619
200	1	0.34017635937811286
200	2	0.2975756293283571
200	3	0.1147190200025233
200	4	0.09701928514566925
200	5	0.04432337200804075
200	6	0.028238063068903557
200	7	0.006289856306121538
200	8	-0.005683281820238129
200	9	-0.017501709442574953
200	10	-0.025774901614958233
200	11	-0.033083288935535964
200	12	-0.038791404648633634
200	13	-0.043695440204691564
200	14	-0.047747818959536156
200	15	-0.05124704238213664
200	16	-0.05424888733992566
200	17	-0.05688867133530781
200	18	-0.059223082598894194
200	19	-0.06132287608939483
200	20	-0.05400597436754002
200	0	0.059874848036536595
200	1	0.33822429596215126
200	2	0.2959913094651741
200	3	0.11355267437748398
200	4	0.09483860706845476
200	5	0.04305935667137732
200	6	0.027064833070186485
200	7	0.005695839200145253
200	8	-0.005971706867793028
200	9	-0.01738191375888535
200	10	-0.025340115469324413
200	11	-0.03232111259698314
200	12	-0.03773875346341372
200	13	-0.04235789638889338
200	14	-0.04614296574315355
200	15	-0.04938227947942948
200	16	-0.052134187853154414
200	17	-0.054530323274651946
200	18	-0.05662767712625808
200	19	-0.05849550137918529
200	20	-0.050951566542669476
200	0	0.06021724190229643
200	1	0.33815437088846023
200	2	0.2964216752756609
200	3	0.11358115417411294
200	4	0.09449313012314985
200	5	0.04244615148132027
200	6	0.026343787970232003
200	7	0.004914996175040152
200	8	-0.0067779965448911406
200	9	-0.018184942085740036
200	10	-0.026134258130973205
200	11	-0.033093459456358956
200	12	-0.038489445620108066
200	13	-0.043082509800956126
200	14	-0.04684281855102913
200	15	-0.050056603613736934
200	16	-0.05278444556408783
200	17	-0.05515705648777329
200	18	-0.05723216260071651
200	19	-0.059078581105886124
200	20	-0.051514242837270866
Type Heuristic:RWR, Dataset: photo
200	0	0.07849629497545373
200	1	0.39510218348322856
200	2	0.24509041325197112
200	3	0.15802374757881563
200	4	0.10874549753554696
200	5	0.06681531126142666
200	6	0.039388784286301055
200	7	0.01595208805646576
200	8	-0.0013467750355299292
200	9	-0.015896951948417695
200	10	-0.02737008880964376
200	11	-0.03700939174404711
200	12	-0.044916192153948625
200	13	-0.05162046656677687
200	14	-0.05727612080916952
200	15	-0.06214296284818521
200	16	-0.0663453330471785
200	17	-0.0700253923249523
200	18	-0.07327077758329102
200	19	-0.07616543442951088
200	20	-0.06954509960032443
200	0	0.057694872196626584
200	1	0.35663403645812525
200	2	0.216085235165975
200	3	0.12901872929727767
200	4	0.09004320358617739
200	5	0.05243992886926144
200	6	0.030229695516280988
200	7	0.01000241001759063
200	8	-0.0043613379796602035
200	9	-0.016762001153500718
200	10	-0.02640333854139525
200	11	-0.03459283306458777
200	12	-0.041283478351192775
200	13	-0.04699199955525385
200	14	-0.05181408415084741
200	15	-0.05598923711982316
200	16	-0.059613496120497135
200	17	-0.06281301238275373
200	18	-0.0656591835179425
200	19	-0.06822450247249852
200	20	-0.06133432942425787
200	0	0.06322404747037771
200	1	0.3775123776226138
200	2	0.22040972890602167
200	3	0.13317169743503965
200	4	0.09210577436167089
200	5	0.05446311129130891
200	6	0.03178216410202047
200	7	0.01150643842323064
200	8	-0.0030220435760804115
200	9	-0.015449484119309888
200	10	-0.025135896345513636
200	11	-0.03330982818600665
200	12	-0.03997448355226604
200	13	-0.045622793732547906
200	14	-0.05036797939278686
200	15	-0.05444322228321454
200	16	-0.05795151749683801
200	17	-0.06101809878959752
200	18	-0.06371770117393194
200	19	-0.06612346717936604
200	20	-0.05906271946100737
200	0	0.06239000262496597
200	1	0.36339890812062686
200	2	0.2072560832767308
200	3	0.11807102826174293
200	4	0.0816043337066162
200	5	0.04566318400750514
200	6	0.02560595794067779
200	7	0.0068894032105420435
200	8	-0.006077917026060666
200	9	-0.01735296341531332
200	10	-0.02600141791840982
200	11	-0.03333036430626488
200	12	-0.0392515831584631
200	13	-0.04426632649621956
200	14	-0.048453866771954984
200	15	-0.05204240344932592
200	16	-0.055119487185486336
200	17	-0.05780423874329483
200	18	-0.06016296202003806
200	19	-0.06226378647512966
200	20	-0.054928779633875276
200	0	0.06173091106556486
200	1	0.37992940778038703
200	2	0.20890317268254371
200	3	0.11566131575306146
200	4	0.0799076603329481
200	5	0.04438023881256589
200	6	0.025149205678376033
200	7	0.0069904615965105605
200	8	-0.005442410613230098
200	9	-0.016302353910662284
200	10	-0.024587125811778545
200	11	-0.031610363469411276
200	12	-0.0372617122444976
200	13	-0.04203724520019749
200	14	-0.04600721257924417
200	15	-0.049395135980518666
200	16	-0.052284173093155396
200	17	-0.054790453358897415
200	18	-0.05697792541968184
200	19	-0.05891295185981315
200	20	-0.05141630014388201
200	0	0.06059584087648741
200	1	0.36620592890260734
200	2	0.19798227418934505
200	3	0.11058679538703932
200	4	0.07564746868175239
200	5	0.04179102084599963
200	6	0.023069675854341613
200	7	0.0055567668830240335
200	8	-0.006569203474064968
200	9	-0.0171338045587766
200	10	-0.02524635528494947
200	11	-0.03212668100587343
200	12	-0.03768894791191883
200	13	-0.04239877196621152
200	14	-0.04633021216382949
200	15	-0.049695496315620695
200	16	-0.052577098039953536
200	17	-0.05508632985745929
200	18	-0.05728585024577934
200	19	-0.0592396825925879
200	20	-0.05176751216647497
200	0	0.058020238324691796
200	1	0.3613803168774275
200	2	0.19289668284012138
200	3	0.10257357105052042
200	4	0.07099192959108842
200	5	0.038145914049697
200	6	0.02123474455989964
200	7	0.004752308247776574
200	8	-0.00630814717511423
200	9	-0.016098650701711646
200	10	-0.023501437611752433
200	11	-0.029804180713727802
200	12	-0.034848904154070146
200	13	-0.03911188452476222
200	14	-0.04264049919325902
200	15	-0.04564552969432733
200	16	-0.04819788771312309
200	17	-0.050405677727174414
200	18	-0.052325749159498
200	19	-0.05401934387808262
200	20	-0.0463028678445655
200	0	0.062476562609641385
200	1	0.3750793672458726
200	2	0.19643696367804683
200	3	0.10584502448516278
200	4	0.07197107361435125
200	5	0.038735691904907506
200	6	0.021035510338919424
200	7	0.004257233526756827
200	8	-0.007161490285774886
200	9	-0.01714612218661817
200	10	-0.024737873865952133
200	11	-0.031164833334032506
200	12	-0.03631930632084428
200	13	-0.04066252797966397
200	14	-0.04425934517210836
200	15	-0.0473174891587299
200	16	-0.04991462320337879
200	17	-0.05215885719451475
200	18	-0.05410999963641258
200	19	-0.05582990692312097
200	20	-0.04813644719606512
200	0	0.057082681426709025
200	1	0.3594528011711134
200	2	0.1868519980060072
200	3	0.09338251666553202
200	4	0.06452107343671265
200	5	0.032498905339835335
200	6	0.0172716989552556
200	7	0.0017796823312617761
200	8	-0.008230333080463642
200	9	-0.017231828949021307
200	10	-0.023907027416289486
200	11	-0.029607155609203982
200	12	-0.03411415676905528
200	13	-0.037912490401574205
200	14	-0.041027552150292086
200	15	-0.0436673190359833
200	16	-0.04589261478736161
200	17	-0.047807469060317215
200	18	-0.04946314017264157
200	19	-0.05091743601302955
200	20	-0.042983222823351555
200	0	0.05931117760188504
200	1	0.3660186709628657
200	2	0.18769028904592677
200	3	0.09390315801864024
200	4	0.06532055109524056
200	5	0.03382866788647624
200	6	0.01888233640500149
200	7	0.003626154830354741
200	8	-0.006273687192817264
200	9	-0.01520595132756831
200	10	-0.021865900934237136
200	11	-0.02757356647190606
200	12	-0.03211112088365922
200	13	-0.035951051028143846
200	14	-0.03911727331954473
200	15	-0.04181289201743357
200	16	-0.044097586796063584
200	17	-0.04607334358527394
200	18	-0.047790754286205064
200	19	-0.04930676563682903
200	20	-0.04143392769342096
Type Heuristic:RWR, Dataset: computers
200	0	0.05891132105888586
200	1	0.3413932418424902
200	2	0.2395102579609993
200	3	0.1391286089632839
200	4	0.10195570426393737
200	5	0.06014063610436053
200	6	0.035719805363122824
200	7	0.013164005034944635
200	8	-0.0029754315031682026
200	9	-0.016705225661986314
200	10	-0.0273778667797759
200	11	-0.036244040452713844
200	12	-0.043403609024682044
200	13	-0.04934918587017124
200	14	-0.05425971091240663
200	15	-0.058375427880776105
200	16	-0.06183614515799665
200	17	-0.06477683943628708
200	18	-0.06729255795182376
200	19	-0.06946506671160427
200	20	-0.06213328694137583
200	0	0.06408063489897484
200	1	0.4040677813494781
200	2	0.2517250308268685
200	3	0.1360116063784592
200	4	0.10087376668753631
200	5	0.057248582966341666
200	6	0.03429755263545329
200	7	0.011586609471987773
200	8	-0.004171925209507455
200	9	-0.018047133413453778
200	10	-0.028828691957025553
200	11	-0.03798436577288293
200	12	-0.04546045500643579
200	13	-0.05178544621147881
200	14	-0.05709123520084179
200	15	-0.061618842180545766
200	16	-0.06549139948706782
200	17	-0.06884028166126245
200	18	-0.07175395211412686
200	19	-0.07431165400444784
200	20	-0.06734969374210016
200	0	0.054266481196871566
200	1	0.4079678684052356
200	2	0.24143209649193875
200	3	0.12507988049191127
200	4	0.09250957028589642
200	5	0.05158574590745864
200	6	0.03080710275251223
200	7	0.009927613302352381
200	8	-0.004386746827801479
200	9	-0.017068724677545978
200	10	-0.026879644499965
200	11	-0.03522637581770221
200	12	-0.04202662530013935
200	13	-0.04777916038274659
200	14	-0.05259625954172204
200	15	-0.05670254425003339
200	16	-0.060208649865049
200	17	-0.06323608547992561
200	18	-0.06586538433402259
200	19	-0.0681695303987175
200	20	-0.06097970608947847
200	0	0.05481660426664652
200	1	0.4107960075250218
200	2	0.23448372611526605
200	3	0.10834767476481048
200	4	0.08141363388355083
200	5	0.04193478297816691
200	6	0.024510031154029405
200	7	0.005567271762115163
200	8	-0.006701612848202508
200	9	-0.017865082632998533
200	10	-0.02629107510245612
200	11	-0.03349921777296725
200	12	-0.03929209947187298
200	13	-0.04417715660837259
200	14	-0.048225474946104685
200	15	-0.051652893393931504
200	16	-0.0545514198771546
200	17	-0.05703346173621528
200	18	-0.05916931154954443
200	19	-0.06102509236649066
200	20	-0.05342560822088215
200	0	0.0557821158062589
200	1	0.42993480550658636
200	2	0.2379251760952436
200	3	0.10549053432980038
200	4	0.07790312117542551
200	5	0.03893144058606286
200	6	0.022256671468392004
200	7	0.004032843715086812
200	8	-0.007626902733069329
200	9	-0.018276357686103886
200	10	-0.026281225956821648
200	11	-0.0331405136968262
200	12	-0.03864562013281636
200	13	-0.04329128646596083
200	14	-0.04713954742627149
200	15	-0.050398558276384196
200	16	-0.05315423869348818
200	17	-0.05551420539632261
200	18	-0.05754481843124124
200	19	-0.05930912503994423
200	20	-0.05162941266185043
200	0	0.0565760308496513
200	1	0.42745908454718745
200	2	0.23415053108161496
200	3	0.09997728810834779
200	4	0.07386881202647265
200	5	0.03572018624971544
200	6	0.019936955996072078
200	7	0.002346243937613673
200	8	-0.00878836137917857
200	9	-0.019039673028475472
200	10	-0.026726487647739182
200	11	-0.03333766999787631
200	12	-0.03864512256510326
200	13	-0.04313420561889134
200	14	-0.04685728009502411
200	15	-0.050016302966949804
200	16	-0.05269184191162323
200	17	-0.05498763925429799
200	18	-0.05696690273377655
200	19	-0.05869025466454605
200	20	-0.05097803358220874
200	0	0.05450261153830928
200	1	0.41694672546191797
200	2	0.22396478496517433
200	3	0.09240756874750103
200	4	0.06782972550739752
200	5	0.031658786566485596
200	6	0.016934375491325305
200	7	0.0004055007229132698
200	8	-0.009996902771216712
200	9	-0.01959655072221526
200	10	-0.026771058036201723
200	11	-0.032940591980278905
200	12	-0.037879211238140705
200	13	-0.04204980912155545
200	14	-0.04549859865719186
200	15	-0.04841804076278205
200	16	-0.05088326616922729
200	17	-0.05299295616606916
200	18	-0.05480652517980611
200	19	-0.05638148373522249
200	20	-0.048535617689834616
200	0	0.05280146815098505
200	1	0.42727939939390625
200	2	0.2304367303881634
200	3	0.09082548428314861
200	4	0.06656960720731421
200	5	0.030064436276565753
200	6	0.016194510319786425
200	7	9.2735212727275e-05
200	8	-0.009723723652166281
200	9	-0.018890566348014736
200	10	-0.025636726690778176
200	11	-0.03144339549056477
200	12	-0.03604465946588948
200	13	-0.039913438051607575
200	14	-0.04308336645702648
200	15	-0.04574689496577793
200	16	-0.04797416018571527
200	17	-0.04986231687007053
200	18	-0.05146826151543051
200	19	-0.05284810528445675
200	20	-0.04481813349066156
200	0	0.051775600434521216
200	1	0.427192608684086
200	2	0.22711844707541426
200	3	0.08540807218551413
200	4	0.061730878891863246
200	5	0.025765923200357376
200	6	0.012575344888024349
200	7	-0.0029702387677510555
200	8	-0.01227623039148064
200	9	-0.021009179454594136
200	10	-0.027370246857278728
200	11	-0.03284239000891209
200	12	-0.037147065166143654
200	13	-0.040754599509605374
200	14	-0.04369186210168188
200	15	-0.046148440340588986
200	16	-0.04819043533266603
200	17	-0.0499126045265277
200	18	-0.05136924988967558
200	19	-0.05261461003953323
200	20	-0.04446318497422095
200	0	0.0537737431115744
200	1	0.4357614365708125
200	2	0.23048158284096007
200	3	0.08542116823879213
200	4	0.062242566028297266
200	5	0.027872336583477434
200	6	0.014896247551230965
200	7	-0.0007411923146403536
200	8	-0.010044477469180878
200	9	-0.018866875170102236
200	10	-0.025308711396774226
200	11	-0.03089106589171768
200	12	-0.03530765711372633
200	13	-0.03903564844771524
200	14	-0.04209332469568876
200	15	-0.04467084118424025
200	16	-0.04683132631354528
200	17	-0.048669184521447806
200	18	-0.05023760414899166
200	19	-0.05159057816832231
200	20	-0.04354221581849599
Type Heuristic:RWR, Dataset: computers
200	0	0.057959220325831735
200	1	0.37270772624084925
200	2	0.3859503410999695
200	3	0.15817691158338498
200	4	0.13796522244814077
200	5	0.0696531009751916
200	6	0.04592377275018758
200	7	0.015189499685710706
200	8	-0.003035091935006289
200	9	-0.020516187423342932
200	10	-0.033318361911440414
200	11	-0.04447402226443647
200	12	-0.05337168242571514
200	13	-0.06094002437284756
200	14	-0.06721886479612017
200	15	-0.0725685635328417
200	16	-0.07711304305888098
200	17	-0.08102854733336337
200	18	-0.08441764197783973
200	19	-0.08738106379558515
200	20	-0.08076732390117498
200	0	0.049793221902098804
200	1	0.3563401570082294
200	2	0.41580957698228027
200	3	0.15183507329083143
200	4	0.1380562081822065
200	5	0.0671702744638766
200	6	0.046439459572984045
200	7	0.01635371554946273
200	8	-0.0005096145024995528
200	9	-0.017459735108294346
200	10	-0.029783767364752346
200	11	-0.04082319118862343
200	12	-0.049740739855065205
200	13	-0.05751091760086434
200	14	-0.06409524070780731
200	15	-0.06984771968737045
200	16	-0.07485879020997975
200	17	-0.07929221698030336
200	18	-0.08323347829055514
200	19	-0.08677340893369664
200	20	-0.08075084330803167
200	0	0.04704485348698608
200	1	0.3359154121533275
200	2	0.4064128366828189
200	3	0.13977785368884005
200	4	0.12606507033354603
200	5	0.0588413375653956
200	6	0.039829846499536734
200	7	0.012301987854250244
200	8	-0.00282405215286579
200	9	-0.017975430677888392
200	10	-0.028851041655275106
200	11	-0.03853803041173448
200	12	-0.046285375710838655
200	13	-0.05298839259072729
200	14	-0.05861780839636245
200	15	-0.06349779084354096
200	16	-0.06771270645259783
200	17	-0.07141202925243414
200	18	-0.07467400785112396
200	19	-0.07758119327248497
200	20	-0.07096667884731524
200	0	0.04710388600291328
200	1	0.32430079786086835
200	2	0.41155422546447595
200	3	0.1353919047620412
200	4	0.12147676356558579
200	5	0.05437963807990098
200	6	0.03613399145525346
200	7	0.009466293650801809
200	8	-0.004832325950443152
200	9	-0.019195933305195725
200	10	-0.029362626835034624
200	11	-0.038402200742712424
200	12	-0.045567309156446995
200	13	-0.051741511125037006
200	14	-0.05689083595240495
200	15	-0.06133180066061123
200	16	-0.06514353664604257
200	17	-0.06847033798562147
200	18	-0.0713863389307417
200	19	-0.07397049829036796
200	20	-0.06705294352237189
200	0	0.04815392308066129
200	1	0.3285528902474567
200	2	0.406066032529335
200	3	0.1342661041174117
200	4	0.11969002040320705
200	5	0.054073198465772854
200	6	0.03589666888502842
200	7	0.009762328379010648
200	8	-0.0043627129646407305
200	9	-0.018461149018272584
200	10	-0.02846247796455318
200	11	-0.03732534512628852
200	12	-0.044345991886768805
200	13	-0.05037955116482283
200	14	-0.055401457927719125
200	15	-0.059720484670111054
200	16	-0.06341746248079776
200	17	-0.06663429026347147
200	18	-0.06944517505344831
200	19	-0.07192818556733817
200	20	-0.06491323232990248
200	0	0.04501164364847571
200	1	0.3089470277216118
200	2	0.4118396872916774
200	3	0.12486600163916267
200	4	0.11384987557631117
200	5	0.0482228678016207
200	6	0.031869245607023255
200	7	0.00671803905206707
200	8	-0.006317572558653112
200	9	-0.01963189462979275
200	10	-0.028932189040012855
200	11	-0.037238870224386954
200	12	-0.04378337343770053
200	13	-0.04942218919477263
200	14	-0.05410672223447822
200	15	-0.05813883460281609
200	16	-0.061588158594162834
200	17	-0.06459053016014006
200	18	-0.06721399352595471
200	19	-0.06953235700552422
200	20	-0.06237177429678787
200	0	0.04421773271736849
200	1	0.30219612781332295
200	2	0.4034452625212091
200	3	0.11807312079394723
200	4	0.10864157045330324
200	5	0.045277432774825065
200	6	0.029915758826443914
200	7	0.005853469063662849
200	8	-0.006536845938148468
200	9	-0.019247765980491854
200	10	-0.0281064149858637
200	11	-0.03602187327005201
200	12	-0.04224599606839972
200	13	-0.04760166144689808
200	14	-0.05204040780912525
200	15	-0.05585221035871734
200	16	-0.05910393283704809
200	17	-0.061926291943837856
200	18	-0.06438495979307149
200	19	-0.0665511041213691
200	20	-0.05924919658708074
200	0	0.04252908268228167
200	1	0.2968267309673802
200	2	0.4130359226567189
200	3	0.12027787918125306
200	4	0.10951095980768293
200	5	0.04497417052969637
200	6	0.02954678923949947
200	7	0.005500068772599409
200	8	-0.006678030922523346
200	9	-0.019166989690464837
200	10	-0.02777969850088991
200	11	-0.035463481113413936
200	12	-0.041467258517473154
200	13	-0.04662150521953362
200	14	-0.050875562944542964
200	15	-0.054519882745888856
200	16	-0.05761930361557382
200	17	-0.06030344003499583
200	18	-0.06263624838106166
200	19	-0.06468762511513848
200	20	-0.057280710817698435
200	0	0.042482776838755426
200	1	0.2898228650445931
200	2	0.4068825004084938
200	3	0.11644052782459728
200	4	0.106917057747002
200	5	0.04396060669010994
200	6	0.02910196425073241
200	7	0.0056493147462810325
200	8	-0.006256159888510245
200	9	-0.018513391128244176
200	10	-0.027004658884676437
200	11	-0.03460116931288487
200	12	-0.04056135258081746
200	13	-0.045692548571337206
200	14	-0.04994283843291994
200	15	-0.053594449195765434
200	16	-0.05671005137609133
200	17	-0.05941584042599249
200	18	-0.06177424424531112
200	19	-0.06385355935598235
200	20	-0.05647601107763013
200	0	0.04269346127665717
200	1	0.29078903017995633
200	2	0.40804463033411775
200	3	0.1127896848015666
200	4	0.10453641059055804
200	5	0.04165452885546175
200	6	0.027355870186376207
200	7	0.0041821947517933535
200	8	-0.007402170459794696
200	9	-0.01942467373962141
200	10	-0.027691956767881006
200	11	-0.03509801806114827
200	12	-0.040881903211207424
200	13	-0.04585355986646957
200	14	-0.04995534321034701
200	15	-0.053468743063116525
200	16	-0.05645430136255625
200	17	-0.05903728797534093
200	18	-0.06127911365792231
200	19	-0.06324739349127918
200	20	-0.05576375714625886
