300     0       0.7352830904584876
300     1       0.5294686590999547
300     2       0.3337177153097928
300     3       0.2870207681198386
300     4       0.2553691541829366
300     5       0.23280882559705623
300     6       0.21120140986684816
300     7       0.19276686896742337
300     8       0.17525483609552747
300     9       0.1600681074235102
300     10      0.1459083015745557
300     11      0.13344144171014033
300     12      0.12193852553668173
300     13      0.11165950533953276
300     14      0.10221214069714496
300     15      0.09366807348609585
300     16      0.08581403122170743
300     17      0.07864594312504535
300     18      0.07204161669326982
300     19      0.06597197327746088
300     20      0.060361550106725774