100     0       0.2150092675073096
100     1       0.18731255299918714
100     2       0.14773366884896882
100     3       0.11871296077968872
100     4       0.09451113950948666
100     5       0.07471118529705997
100     6       0.05870183756928985
100     7       0.04547139455721038
100     8       0.03468934914124538
100     9       0.025765598771649013
100     10      0.018414186326746837
100     11      0.012300072423789232
100     12      0.007208629128910114
100     13      0.0029381862178571305
100     14      -0.0006592570639503747
100     15      -0.003710396456711759
100     16      -0.006313808105074358
100     17      -0.008550908090855062
100     18      -0.0104866051172272
100     19      -0.012173854441452308
100     20      -0.00443197129057794